0	3.2576
0.01	-16.4484
0.02	-35.0964
0.03	-62.56
0.04	-74.7272
0.05	-110.454
0.06	-125.559
0.07	-139.251
0.08	-165.786
0.09	-183.802
0.1	-197.991
0.11	-229.954
0.12	-249.657
0.13	-272.642
0.14	-276.814
0.15	-297.023
0.16	-334.971
0.17	-339.004
0.18	-358.621
0.19	-378.361
0.2	-402.276
0.21	-426.964
0.22	-433.472
0.23	-467.159
0.24	-488.098
0.25	-489.737
0.26	-529.906
0.27	-542.796
0.28	-561.36
0.29	-583.598
0.3	-596.789
0.31	-611.828
0.32	-630.948
0.33	-653.318
0.34	-656.879
0.35	-704.045
0.36	-703.342
0.37	-711.317
0.38	-753.597
0.39	-748.823
0.4	-781.359
0.41	-800.864
0.42	-799.281
0.43	-839.429
0.44	-846.19
0.45	-863.394
0.46	-882.141
0.47	-899.405
0.48	-905.922
0.49	-920.116
0.5	-931.992
0.51	-947.473
0.52	-960.422
0.53	-975.736
0.54	-987.003
0.55	-1009.85
0.56	-1012.07
0.57	-1021.55
0.58	-1052.19
0.59	-1054.29
0.6	-1068.18
0.61	-1071.13
0.62	-1092.77
0.63	-1117.82
0.64	-1111
0.65	-1117.84
0.66	-1121.98
0.67	-1130.5
0.68	-1156.33
0.69	-1150.45
0.7	-1174.21
0.71	-1159.7
0.72	-1189.57
0.73	-1192.54
0.74	-1204.81
0.75	-1214.5
0.76	-1222.83
0.77	-1219.29
0.78	-1232.27
0.79	-1231.77
0.8	-1256.95
0.81	-1244.36
0.82	-1264.64
0.83	-1258.63
0.84	-1276.97
0.85	-1280.89
0.86	-1284.19
0.87	-1275.71
0.88	-1288.51
0.89	-1308.01
0.9	-1320.06
0.91	-1311.3
0.92	-1305.43
0.93	-1328.74
0.94	-1310.88
0.95	-1321.74
0.96	-1319.59
0.97	-1352.75
0.98	-1337.06
0.99	-1345.56
1	-1354.15
1.01	-1339.13
1.02	-1351.9
1.03	-1350.04
1.04	-1361.32
1.05	-1367.25
1.06	-1347.69
1.07	-1355.11
1.08	-1357.82
1.09	-1362.95
1.1	-1375.89
1.11	-1363.98
1.12	-1369.98
1.13	-1387.53
1.14	-1386.6
1.15	-1378.17
1.16	-1383.45
1.17	-1378.76
1.18	-1382.84
1.19	-1384.39
1.2	-1392.46
1.21	-1396.24
1.22	-1385.31
1.23	-1388.43
1.24	-1393.65
1.25	-1388.58
1.26	-1401.66
1.27	-1397.8
1.28	-1399.01
1.29	-1402.36
1.3	-1399.68
1.31	-1396.02
1.32	-1411.75
1.33	-1399.24
1.34	-1410.76
1.35	-1412.44
1.36	-1400.56
1.37	-1423.06
1.38	-1399.84
1.39	-1415.9
1.4	-1399.89
1.41	-1418.77
1.42	-1395.41
1.43	-1409.4
1.44	-1420.21
1.45	-1415.98
1.46	-1402.43
1.47	-1422.37
1.48	-1403.87
1.49	-1423.26
1.5	-1426.02
1.51	-1423.5
1.52	-1427.1
1.53	-1422.08
1.54	-1415.78
1.55	-1427.85
1.56	-1413.89
1.57	-1400.03
1.58	-1417.12
1.59	-1403.08
1.6	-1415.55
1.61	-1417.08
1.62	-1413.81
1.63	-1410.55
1.64	-1429.92
1.65	-1423.48
1.66	-1446.04
1.67	-1429.8
1.68	-1423.42
1.69	-1432.17
1.7	-1400.44
1.71	-1411.87
1.72	-1418.91
1.73	-1414.23
1.74	-1411.57
1.75	-1437.86
1.76	-1416.86
1.77	-1422.62
1.78	-1426.16
1.79	-1416.66
1.8	-1423.29
1.81	-1431.08
1.82	-1421.64
1.83	-1430.26
1.84	-1430.33
1.85	-1421.59
1.86	-1439.23
1.87	-1415.87
1.88	-1420.41
1.89	-1418.61
1.9	-1428.24
1.91	-1429.82
1.92	-1413.19
1.93	-1419.25
1.94	-1429.07
1.95	-1426.17
1.96	-1422.62
1.97	-1439.54
1.98	-1425.77
1.99	-1429.58
2	-1422.05
2.01	-1424.38
2.02	-1413.9
2.03	-1414.3
2.04	-1404.81
2.05	-1439.17
2.06	-1419.78
2.07	-1420.58
2.08	-1417.32
2.09	-1414.05
2.1	-1431.91
2.11	-1425.31
2.12	-1418.69
2.13	-1437.06
2.14	-1418.63
2.15	-1425.24
2.16	-1433.09
2.17	-1422.4
2.18	-1427.54
2.19	-1427.08
2.2	-1417.11
2.21	-1427.48
2.22	-1430.37
2.23	-1410.71
2.24	-1423.08
2.25	-1409.19
2.26	-1426.53
2.27	-1422.37
2.28	-1429.38
2.29	-1421.55
2.3	-1421.47
2.31	-1427.61
2.32	-1416.69
2.33	-1431.25
2.34	-1423.38
2.35	-1403.35
2.36	-1435.35
2.37	-1392.53
2.38	-1449.54
2.39	-1419.41
2.4	-1405.37
2.41	-1438.21
2.42	-1423.73
2.43	-1419.21
2.44	-1425.69
2.45	-1414.91
2.46	-1405.99
2.47	-1409.42
2.48	-1409.33
2.49	-1419.55
2.5	-1437.67
2.51	-1406.88
2.52	-1410.04
2.53	-1411.51
2.54	-1423.52
2.55	-1422.52
2.56	-1415.23
2.57	-1413.85
2.58	-1411.97
2.59	-1411.65
2.6	-1427.84
2.61	-1413.14
2.62	-1417.82
2.63	-1419.9
2.64	-1421.72
2.65	-1400.34
2.66	-1407.36
2.67	-1401.03
2.68	-1432.03
2.69	-1393.89
2.7	-1397.11
2.71	-1411.58
2.72	-1409.86
2.73	-1411.25
2.74	-1400.47
2.75	-1411.37
2.76	-1413.94
2.77	-1391.95
2.78	-1401.9
2.79	-1401.96
2.8	-1424.19
2.81	-1391.91
2.82	-1412.26
2.83	-1411.97
2.84	-1391.94
2.85	-1407.86
2.86	-1403.94
2.87	-1423.94
2.88	-1407.96
2.89	-1413.96
2.9	-1419.96
2.91	-1409.96
2.92	-1396.91
2.93	-1405.96
2.94	-1406.43
2.95	-1405.97
2.96	-1407.9
2.97	-1403.98
2.98	-1433.96
2.99	-1407.96
3	-1410.38
3.01	-1419.97
3.02	-1415.98
3.03	-1411.01
3.04	-1429.98
3.05	-1424.68
3.06	-1405.96
3.07	-1401.96
3.08	-1403.98
3.09	-1415.97
3.1	-1401.99
3.11	-1395.99
3.12	-1401.96
3.13	-1409.99
3.14	-1405.98
3.15	-1399.91
3.16	-1421.98
3.17	-1404
3.18	-1410
3.19	-1401.98
3.2	-1409.95
3.21	-1433.99
3.22	-1407.97
3.23	-1411.87
3.24	-1409.99
3.25	-1383.96
3.26	-1409.99
3.27	-1413.99
3.28	-1405.31
3.29	-1404
3.3	-1410
3.31	-1402
3.32	-1386
3.33	-1402
3.34	-1397.99
3.35	-1403.99
3.36	-1410
3.37	-1397.98
3.38	-1419.99
3.39	-1399.99
3.4	-1397.99
3.41	-1405.98
3.42	-1408
3.43	-1427.99
3.44	-1418
3.45	-1424
3.46	-1397.72
3.47	-1410
3.48	-1418
3.49	-1406
3.5	-1410
3.51	-1410
3.52	-1410
3.53	-1398
3.54	-1422
3.55	-1406
3.56	-1434
3.57	-1408
3.58	-1406
3.59	-1420
3.6	-1416
3.61	-1403.98
3.62	-1414
3.63	-1424
3.64	-1388
3.65	-1398
3.66	-1399.99
3.67	-1426
3.68	-1418
3.69	-1414
3.7	-1394
3.71	-1398
3.72	-1406
3.73	-1420
3.74	-1394
3.75	-1412
3.76	-1410
3.77	-1400
3.78	-1413.95
3.79	-1401.99
3.8	-1412
3.81	-1402
3.82	-1406
3.83	-1420
3.84	-1408
3.85	-1407.99
3.86	-1418
3.87	-1397.99
3.88	-1410
3.89	-1396
3.9	-1390
3.91	-1398
3.92	-1406
3.93	-1430
3.94	-1400
3.95	-1414
3.96	-1412
3.97	-1408
3.98	-1400
3.99	-1414
4	-1394
4.01	-1410
4.02	-1402
4.03	-1400
4.04	-1388
4.05	-1382
4.06	-1416
4.07	-1396
4.08	-1392
4.09	-1416
4.1	-1418
4.11	-1410
4.12	-1400
4.13	-1405.65
4.14	-1426
4.15	-1418
4.16	-1394
4.17	-1410
4.18	-1404
4.19	-1418
4.2	-1418
4.21	-1422
4.22	-1402
4.23	-1400
4.24	-1406
4.25	-1394
4.26	-1408
4.27	-1404
4.28	-1404
4.29	-1414
4.3	-1410
4.31	-1404
4.32	-1416
4.33	-1428
4.34	-1420
4.35	-1416
4.36	-1414
4.37	-1402
4.38	-1392
4.39	-1396
4.4	-1416
4.41	-1414
4.42	-1424
4.43	-1440
4.44	-1408
4.45	-1404
4.46	-1404
4.47	-1402
4.48	-1408
4.49	-1424
4.5	-1420
4.51	-1406.55
4.52	-1410
4.53	-1402
4.54	-1402
4.55	-1418
4.56	-1398
4.57	-1412
4.58	-1404
4.59	-1412
4.6	-1412
4.61	-1410.48
4.62	-1402
4.63	-1410
4.64	-1404
4.65	-1424
4.66	-1414
4.67	-1406
4.68	-1392
4.69	-1414
4.7	-1400
4.71	-1404
4.72	-1404
4.73	-1396
4.74	-1398
4.75	-1408
4.76	-1394
4.77	-1396
4.78	-1400
4.79	-1406
4.8	-1404
4.81	-1404
4.82	-1400
4.83	-1398
4.84	-1424
4.85	-1402
4.86	-1406
4.87	-1402
4.88	-1406
4.89	-1412
4.9	-1404
4.91	-1390
4.92	-1412
4.93	-1400
4.94	-1414
4.95	-1418
4.96	-1390
4.97	-1404
4.98	-1432.57
4.99	-1418
5	-1424
5.01	-1406
5.02	-1414
5.03	-1416
5.04	-1416
5.05	-1406
5.06	-1398
5.07	-1414
5.08	-1418
5.09	-1418
5.1	-1428
5.11	-1404
5.12	-1406
5.13	-1415.24
5.14	-1414
5.15	-1426
5.16	-1406
5.17	-1420
5.18	-1408
5.19	-1416
5.2	-1414
5.21	-1404
5.22	-1400
5.23	-1404
5.24	-1414
5.25	-1418
5.26	-1382
5.27	-1409.03
5.28	-1414
5.29	-1424
5.3	-1414
5.31	-1418
5.32	-1410
5.33	-1422
5.34	-1416
5.35	-1384
5.36	-1422
5.37	-1386
5.38	-1388
5.39	-1408
5.4	-1420
5.41	-1410
5.42	-1416
5.43	-1406
5.44	-1394
5.45	-1414
5.46	-1426
5.47	-1404
5.48	-1392
5.49	-1384
5.5	-1408
5.51	-1410
5.52	-1412
5.53	-1405.3
5.54	-1420
5.55	-1427.33
5.56	-1406
5.57	-1412
5.58	-1416.22
5.59	-1420
5.6	-1406
5.61	-1392
5.62	-1410
5.63	-1402
5.64	-1410
5.65	-1418
5.66	-1404
5.67	-1392
5.68	-1390
5.69	-1424
5.7	-1380
5.71	-1410
5.72	-1394
5.73	-1394
5.74	-1406
5.75	-1414
5.76	-1392
5.77	-1387.27
5.78	-1384
5.79	-1402
5.8	-1404
5.81	-1408
5.82	-1416
5.83	-1422
5.84	-1400
5.85	-1396
5.86	-1408
5.87	-1390
5.88	-1398
5.89	-1416
5.9	-1420
5.91	-1420
5.92	-1422
5.93	-1400
5.94	-1416
5.95	-1412
5.96	-1420
5.97	-1390
5.98	-1404
5.99	-1422
6	-1418
6.01	-1414
6.02	-1392
6.03	-1400
6.04	-1414
6.05	-1414
6.06	-1418
6.07	-1410
6.08	-1404
6.09	-1426
6.1	-1400
6.11	-1418
6.12	-1386
6.13	-1402
6.14	-1428
6.15	-1408
6.16	-1392
6.17	-1400
6.18	-1412
6.19	-1400
6.2	-1418
6.21	-1410
6.22	-1388
6.23	-1410
6.24	-1400
6.25	-1404
6.26	-1404
6.27	-1416
6.28	-1404
6.29	-1406
6.3	-1422
6.31	-1406
6.32	-1404.46
6.33	-1426
6.34	-1424
6.35	-1420
6.36	-1430
6.37	-1392
6.38	-1396
6.39	-1416
6.4	-1402
6.41	-1409.92
6.42	-1414
6.43	-1424
6.44	-1398
6.45	-1386
6.46	-1406
6.47	-1402
6.48	-1406
6.49	-1388
6.5	-1384
6.51	-1414
6.52	-1404
6.53	-1410
6.54	-1412
6.55	-1418
6.56	-1422
6.57	-1394
6.58	-1410
6.59	-1396
6.6	-1400
6.61	-1408
6.62	-1390
6.63	-1410
6.64	-1410
6.65	-1390
6.66	-1410
6.67	-1422
6.68	-1396
6.69	-1396
6.7	-1412
6.71	-1394
6.72	-1424
6.73	-1416
6.74	-1400
6.75	-1406
6.76	-1400
6.77	-1428
6.78	-1408
6.79	-1424
6.8	-1382
6.81	-1420
6.82	-1426
6.83	-1406
6.84	-1410
6.85	-1414
6.86	-1420
6.87	-1405.73
6.88	-1380
6.89	-1390
6.9	-1420
6.91	-1432
6.92	-1398
6.93	-1414
6.94	-1424
6.95	-1394
6.96	-1412
6.97	-1396
6.98	-1388
6.99	-1420
7	-1416
7.01	-1400
7.02	-1414
7.03	-1406
7.04	-1386
7.05	-1416
7.06	-1382
7.07	-1394
7.08	-1406
7.09	-1416
7.1	-1414
7.11	-1408
7.12	-1414
7.13	-1404
7.14	-1396
7.15	-1410
7.16	-1382
7.17	-1396
7.18	-1408
7.19	-1406
7.2	-1396
7.21	-1394
7.22	-1396
7.23	-1410
7.24	-1406
7.25	-1412
7.26	-1404
7.27	-1416
7.28	-1422
7.29	-1424
7.3	-1398
7.31	-1408
7.32	-1430
7.33	-1416
7.34	-1400
7.35	-1422
7.36	-1402
7.37	-1420
7.38	-1408
7.39	-1410
7.4	-1412
7.41	-1386
7.42	-1398
7.43	-1410
7.44	-1386
7.45	-1414
7.46	-1400
7.47	-1420
7.48	-1418
7.49	-1412
7.5	-1412
7.51	-1418
7.52	-1426
7.53	-1390
7.54	-1402
7.55	-1412
7.56	-1414
7.57	-1424
7.58	-1382
7.59	-1398
7.6	-1404
7.61	-1410
7.62	-1394
7.63	-1416
7.64	-1408
7.65	-1400
7.66	-1414
7.67	-1420
7.68	-1418
7.69	-1402
7.7	-1390
7.71	-1428
7.72	-1406
7.73	-1410
7.74	-1422
7.75	-1418
7.76	-1406
7.77	-1428
7.78	-1390
7.79	-1400
7.8	-1396
7.81	-1414
7.82	-1416
7.83	-1396
7.84	-1402
7.85	-1394
7.86	-1420
7.87	-1410
7.88	-1396
7.89	-1404
7.9	-1388
7.91	-1398
7.92	-1400
7.93	-1384
7.94	-1416
7.95	-1412
7.96	-1398
7.97	-1422
7.98	-1416
7.99	-1408
8	-1406
8.01	-1416
8.02	-1418
8.03	-1396
8.04	-1382
8.05	-1416
8.06	-1398
8.07	-1400
8.08	-1414
8.09	-1394
8.1	-1396
8.11	-1414
8.12	-1398
8.13	-1376
8.14	-1410
8.15	-1410
8.16	-1384
8.17	-1432
8.18	-1414
8.19	-1408
8.2	-1402
8.21	-1416
8.22	-1424
8.23	-1404
8.24	-1402
8.25	-1400
8.26	-1410
8.27	-1409.97
8.28	-1416
8.29	-1408
8.3	-1424
8.31	-1418
8.32	-1406
8.33	-1380
8.34	-1406
8.35	-1400
8.36	-1410
8.37	-1408
8.38	-1398
8.39	-1396
8.4	-1404
8.41	-1424
8.42	-1410
8.43	-1414
8.44	-1416
8.45	-1412
8.46	-1390
8.47	-1412
8.48	-1410
8.49	-1384
8.5	-1400
8.51	-1412
8.52	-1412
8.53	-1406
8.54	-1400
8.55	-1416
8.56	-1434
8.57	-1412
8.58	-1404
8.59	-1382
8.6	-1416
8.61	-1426
8.62	-1394
8.63	-1406
8.64	-1392
8.65	-1418
8.66	-1392
8.67	-1408
8.68	-1386
8.69	-1400
8.7	-1414
8.71	-1430
8.72	-1412
8.73	-1430
8.74	-1394
8.75	-1396
8.76	-1420
8.77	-1408
8.78	-1404
8.79	-1400
8.8	-1406
8.81	-1394
8.82	-1402
8.83	-1404
8.84	-1400
8.85	-1412
8.86	-1410
8.87	-1428
8.88	-1408
8.89	-1392.68
8.9	-1410
8.91	-1420
8.92	-1394
8.93	-1398
8.94	-1398
8.95	-1406
8.96	-1414.11
8.97	-1412
8.98	-1416
8.99	-1414
9	-1394
9.01	-1404
9.02	-1420
9.03	-1404
9.04	-1408
9.05	-1392
9.06	-1422
9.07	-1406
9.08	-1404
9.09	-1412
9.1	-1404
9.11	-1414
9.12	-1394
9.13	-1408
9.14	-1384
9.15	-1398
9.16	-1398
9.17	-1388
9.18	-1400
9.19	-1414
9.2	-1396
9.21	-1416
9.22	-1390
9.23	-1418
9.24	-1396
9.25	-1396
9.26	-1400
9.27	-1414
9.28	-1394
9.29	-1408
9.3	-1420
9.31	-1378
9.32	-1420
9.33	-1416
9.34	-1406
9.35	-1426
9.36	-1402
9.37	-1394
9.38	-1402
9.39	-1408
9.4	-1406
9.41	-1400
9.42	-1402
9.43	-1410
9.44	-1398
9.45	-1422
9.46	-1408
9.47	-1412
9.48	-1408
9.49	-1392
9.5	-1398
9.51	-1400
9.52	-1406
9.53	-1402
9.54	-1416
9.55	-1430
9.56	-1392
9.57	-1412
9.58	-1420
9.59	-1374
9.6	-1394
9.61	-1382
9.62	-1404
9.63	-1406
9.64	-1410
9.65	-1404
9.66	-1412
9.67	-1404
9.68	-1396
9.69	-1404
9.7	-1430
9.71	-1414
9.72	-1404
9.73	-1412
9.74	-1416
9.75	-1412
9.76	-1396
9.77	-1386
9.78	-1396
9.79	-1380
9.8	-1414
9.81	-1406
9.82	-1410
9.83	-1408
9.84	-1414
9.85	-1416
9.86	-1398
9.87	-1408
9.88	-1416
9.89	-1406
9.9	-1390
9.91	-1414
9.92	-1406
9.93	-1398
9.94	-1408
9.95	-1408
9.96	-1408
9.97	-1406
9.98	-1380
9.99	-1418
10	-1402
10.01	-1386
10.02	-1414
10.03	-1398
10.04	-1410
10.05	-1402
10.06	-1402
10.07	-1408
10.08	-1410
10.09	-1404
10.1	-1424
10.11	-1388
10.12	-1404
10.13	-1406
10.14	-1382
10.15	-1390
10.16	-1430
10.17	-1386
10.18	-1414
10.19	-1392
10.2	-1390
10.21	-1398
10.22	-1416
10.23	-1420
10.24	-1414
10.25	-1412
10.26	-1414
10.27	-1406
10.28	-1406
10.29	-1420
10.3	-1420
10.31	-1412
10.32	-1398
10.33	-1406
10.34	-1426
10.35	-1388
10.36	-1412
10.37	-1404
10.38	-1412
10.39	-1422
10.4	-1402
10.41	-1414
10.42	-1400
10.43	-1398
10.44	-1392
10.45	-1398
10.46	-1400
10.47	-1406
10.48	-1418
10.49	-1420
10.5	-1396
10.51	-1420
10.52	-1422
10.53	-1394
10.54	-1426
10.55	-1396
10.56	-1406
10.57	-1392
10.58	-1408
10.59	-1402
10.6	-1420
10.61	-1414
10.62	-1412
10.63	-1412
10.64	-1430
10.65	-1412
10.66	-1400
10.67	-1390
10.68	-1398
10.69	-1408
10.7	-1390
10.71	-1386
10.72	-1412
10.73	-1394
10.74	-1394
10.75	-1412
10.76	-1416
10.77	-1420
10.78	-1408
10.79	-1402
10.8	-1392
10.81	-1408
10.82	-1400
10.83	-1408
10.84	-1410
10.85	-1396
10.86	-1408
10.87	-1414
10.88	-1394
10.89	-1406
10.9	-1420
10.91	-1378
10.92	-1412
10.93	-1394
10.94	-1414
10.95	-1436
10.96	-1420
10.97	-1410
10.98	-1424
10.99	-1400
11	-1404
11.01	-1408
11.02	-1420
11.03	-1424
11.04	-1408
11.05	-1390
11.06	-1414
11.07	-1408
11.08	-1412
11.09	-1404
11.1	-1408
11.11	-1410
11.12	-1436
11.13	-1382
11.14	-1424
11.15	-1412
11.16	-1394
11.17	-1408
11.18	-1416
11.19	-1406
11.2	-1404
11.21	-1414
11.22	-1406
11.23	-1400
11.24	-1410
11.25	-1418
11.26	-1406
11.27	-1416
11.28	-1398.81
11.29	-1430
11.3	-1384.77
11.31	-1406
11.32	-1398
11.33	-1410
11.34	-1402
11.35	-1390
11.36	-1400
11.37	-1404
11.38	-1416
11.39	-1408
11.4	-1414
11.41	-1422
11.42	-1404
11.43	-1420
11.44	-1416
11.45	-1392
11.46	-1400.65
11.47	-1406
11.48	-1420
11.49	-1402
11.5	-1412
11.51	-1414
11.52	-1406
11.53	-1394
11.54	-1412
11.55	-1414
11.56	-1424
11.57	-1416
11.58	-1404
11.59	-1386
11.6	-1422
11.61	-1410
11.62	-1402
11.63	-1416
11.64	-1406
11.65	-1378
11.66	-1422
11.67	-1398
11.68	-1408
11.69	-1404
11.7	-1416
11.71	-1392
11.72	-1402
11.73	-1394
11.74	-1406
11.75	-1414
11.76	-1402
11.77	-1402
11.78	-1404
11.79	-1400
11.8	-1408
11.81	-1412
11.82	-1400
11.83	-1392
11.84	-1392
11.85	-1418
11.86	-1412
11.87	-1400
11.88	-1392
11.89	-1416.38
11.9	-1418
11.91	-1404
11.92	-1410
11.93	-1416
11.94	-1414
11.95	-1422
11.96	-1394
11.97	-1406
11.98	-1408
11.99	-1406
12	-1404.04
12.01	-1404
12.02	-1392
12.03	-1408
12.04	-1412
12.05	-1396
12.06	-1412
12.07	-1398
12.08	-1414
12.09	-1386
12.1	-1398
12.11	-1418
12.12	-1398
12.13	-1388
12.14	-1396
12.15	-1398
12.16	-1416
12.17	-1418
12.18	-1388
12.19	-1412
12.2	-1406
12.21	-1406
12.22	-1418
12.23	-1424
12.24	-1412
12.25	-1424
12.26	-1392
12.27	-1404
12.28	-1418
12.29	-1394
12.3	-1396
12.31	-1390
12.32	-1410
12.33	-1398
12.34	-1386
12.35	-1378
12.36	-1410
12.37	-1406
12.38	-1410
12.39	-1406
12.4	-1402
12.41	-1412
12.42	-1412
12.43	-1398
12.44	-1400
12.45	-1406
12.46	-1402
12.47	-1410
12.48	-1398
12.49	-1410
12.5	-1400
12.51	-1402
12.52	-1418
12.53	-1396
12.54	-1412
12.55	-1380
12.56	-1398
12.57	-1420
12.58	-1398
12.59	-1404
12.6	-1396
12.61	-1404
12.62	-1404
12.63	-1410
12.64	-1402
12.65	-1418
12.66	-1410
12.67	-1404
12.68	-1411.76
12.69	-1404
12.7	-1404
12.71	-1402
12.72	-1388
12.73	-1398.58
12.74	-1404
12.75	-1414
12.76	-1424
12.77	-1410
12.78	-1396
12.79	-1398
12.8	-1416
12.81	-1388
12.82	-1418
12.83	-1410
12.84	-1416
12.85	-1390
12.86	-1434
12.87	-1402
12.88	-1418
12.89	-1412
12.9	-1404
12.91	-1422
12.92	-1394
12.93	-1414
12.94	-1410
12.95	-1402
12.96	-1400
12.97	-1422
12.98	-1416
12.99	-1412
13	-1406
13.01	-1416
13.02	-1388
13.03	-1406
13.04	-1398
13.05	-1402
13.06	-1396
13.07	-1410
13.08	-1400
13.09	-1408
13.1	-1402
13.11	-1406
13.12	-1410
13.13	-1392
13.14	-1418
13.15	-1400
13.16	-1396
13.17	-1394
13.18	-1424
13.19	-1416
13.2	-1414
13.21	-1402
13.22	-1404
13.23	-1402
13.24	-1416
13.25	-1410
13.26	-1400
13.27	-1394
13.28	-1408
13.29	-1408
13.3	-1414
13.31	-1406
13.32	-1400
13.33	-1426
13.34	-1398
13.35	-1392
13.36	-1400
13.37	-1398
13.38	-1412
13.39	-1420
13.4	-1402
13.41	-1380
13.42	-1398
13.43	-1394
13.44	-1422
13.45	-1414
13.46	-1388
13.47	-1416
13.48	-1406
13.49	-1402
13.5	-1404
13.51	-1412
13.52	-1412
13.53	-1402
13.54	-1408
13.55	-1404
13.56	-1412
13.57	-1398
13.58	-1400
13.59	-1400
13.6	-1394
13.61	-1410
13.62	-1404
13.63	-1388
13.64	-1404
13.65	-1402
13.66	-1410
13.67	-1412
13.68	-1398
13.69	-1412
13.7	-1402
13.71	-1396
13.72	-1402
13.73	-1410
13.74	-1422
13.75	-1408
13.76	-1418
13.77	-1414
13.78	-1406
13.79	-1410.19
13.8	-1390
13.81	-1410
13.82	-1412
13.83	-1392
13.84	-1408
13.85	-1392
13.86	-1388
13.87	-1402
13.88	-1384
13.89	-1388.66
13.9	-1424
13.91	-1416
13.92	-1410
13.93	-1426
13.94	-1398
13.95	-1406
13.96	-1398
13.97	-1420
13.98	-1402
13.99	-1406
14	-1421.67
14.01	-1400
14.02	-1396
14.03	-1410
14.04	-1418
14.05	-1400
14.06	-1406
14.07	-1428
14.08	-1398
14.09	-1438
14.1	-1404
14.11	-1408
14.12	-1418
14.13	-1392
14.14	-1424
14.15	-1420
14.16	-1396
14.17	-1410
14.18	-1428
14.19	-1404
14.2	-1392
14.21	-1428
14.22	-1416
14.23	-1414
14.24	-1432
14.25	-1392
14.26	-1402
14.27	-1400
14.28	-1396
14.29	-1406
14.3	-1424
14.31	-1402
14.32	-1400
14.33	-1412
14.34	-1400
14.35	-1422
14.36	-1414
14.37	-1406
14.38	-1402
14.39	-1404
14.4	-1416
14.41	-1432
14.42	-1404
14.43	-1412
14.44	-1406
14.45	-1402
14.46	-1406
14.47	-1398
14.48	-1422
14.49	-1402
14.5	-1404
14.51	-1402
14.52	-1406
14.53	-1404
14.54	-1408
14.55	-1378
14.56	-1388
14.57	-1418
14.58	-1404
14.59	-1410
14.6	-1394
14.61	-1406
14.62	-1420
14.63	-1398
14.64	-1422
14.65	-1398
14.66	-1418
14.67	-1424
14.68	-1404
14.69	-1388
14.7	-1400
14.71	-1402
14.72	-1416
14.73	-1404
14.74	-1397.28
14.75	-1408
14.76	-1420
14.77	-1408
14.78	-1422
14.79	-1412
14.8	-1400
14.81	-1395.93
14.82	-1418
14.83	-1424
14.84	-1412
14.85	-1398
14.86	-1414
14.87	-1404
14.88	-1398
14.89	-1404
14.9	-1400
14.91	-1416
14.92	-1406
14.93	-1408
14.94	-1406
14.95	-1404
14.96	-1416
14.97	-1402
14.98	-1416
14.99	-1410
15	-1424
15.01	-1408
15.02	-1394
15.03	-1408
15.04	-1402
15.05	-1404
15.06	-1404
15.07	-1406
15.08	-1428
15.09	-1400
15.1	-1408
15.11	-1412
15.12	-1400
15.13	-1420
15.14	-1404
15.15	-1412
15.16	-1400
15.17	-1410
15.18	-1414
15.19	-1432
15.2	-1402
15.21	-1394
15.22	-1414
15.23	-1392
15.24	-1408
15.25	-1404
15.26	-1420
15.27	-1392
15.28	-1406
15.29	-1402
15.3	-1392
15.31	-1422
15.32	-1394
15.33	-1410
15.34	-1416
15.35	-1410
15.36	-1410
15.37	-1392
15.38	-1400
15.39	-1432
15.4	-1408
15.41	-1384
15.42	-1422
15.43	-1404
15.44	-1390
15.45	-1422
15.46	-1420
15.47	-1414
15.48	-1392
15.49	-1416
15.5	-1396
15.51	-1428
15.52	-1390
15.53	-1420
15.54	-1406
15.55	-1414
15.56	-1412
15.57	-1396
15.58	-1398
15.59	-1412
15.6	-1396
15.61	-1412
15.62	-1419.81
15.63	-1398
15.64	-1432
15.65	-1392
15.66	-1412
15.67	-1424
15.68	-1404
15.69	-1446
15.7	-1406
15.71	-1400
15.72	-1426
15.73	-1412
15.74	-1412
15.75	-1412
15.76	-1410
15.77	-1403.06
15.78	-1416
15.79	-1398
15.8	-1408
15.81	-1402
15.82	-1416
15.83	-1398
15.84	-1410
15.85	-1432
15.86	-1428
15.87	-1416
15.88	-1396
15.89	-1398
15.9	-1412
15.91	-1420
15.92	-1402
15.93	-1404
15.94	-1400
15.95	-1406
15.96	-1412
15.97	-1422
15.98	-1402
15.99	-1410
16	-1408
16.01	-1412
16.02	-1386
16.03	-1408
16.04	-1408
16.05	-1392
16.06	-1396
16.07	-1408
16.08	-1408
16.09	-1406
16.1	-1416
16.11	-1420
16.12	-1386
16.13	-1406
16.14	-1402
16.15	-1416
16.16	-1422
16.17	-1420
16.18	-1408
16.19	-1400
16.2	-1384
16.21	-1376
16.22	-1406
16.23	-1410
16.24	-1406
16.25	-1372
16.26	-1400
16.27	-1392
16.28	-1420
16.29	-1410
16.3	-1416
16.31	-1430
16.32	-1418
16.33	-1412
16.34	-1406
16.35	-1414
16.36	-1394
16.37	-1392
16.38	-1412
16.39	-1428
16.4	-1408
16.41	-1416
16.42	-1394
16.43	-1416
16.44	-1412
16.45	-1404
16.46	-1404
16.47	-1404
16.48	-1408
16.49	-1414
16.5	-1392
16.51	-1422
16.52	-1430
16.53	-1432
16.54	-1388
16.55	-1404
16.56	-1406
16.57	-1408
16.58	-1416
16.59	-1408
16.6	-1402
16.61	-1404
16.62	-1394
16.63	-1410
16.64	-1412
16.65	-1400
16.66	-1410
16.67	-1402
16.68	-1406
16.69	-1398
16.7	-1384
16.71	-1408
16.72	-1416
16.73	-1410
16.74	-1404
16.75	-1380
16.76	-1406
16.77	-1404
16.78	-1396
16.79	-1406
16.8	-1402
16.81	-1398
16.82	-1410
16.83	-1392
16.84	-1406
16.85	-1416
16.86	-1402
16.87	-1410
16.88	-1418
16.89	-1410
16.9	-1412
16.91	-1412
16.92	-1406
16.93	-1414
16.94	-1414
16.95	-1430
16.96	-1410
16.97	-1412
16.98	-1404
16.99	-1406
17	-1394
17.01	-1414
17.02	-1414
17.03	-1394
17.04	-1406
17.05	-1416
17.06	-1388
17.07	-1394.39
17.08	-1412
17.09	-1390
17.1	-1398
17.11	-1404
17.12	-1412
17.13	-1414
17.14	-1410
17.15	-1406
17.16	-1398
17.17	-1420
17.18	-1408
17.19	-1394
17.2	-1388
17.21	-1420
17.22	-1424
17.23	-1406
17.24	-1418
17.25	-1426
17.26	-1424
17.27	-1400
17.28	-1398
17.29	-1392
17.3	-1412
17.31	-1406
17.32	-1404
17.33	-1408
17.34	-1398
17.35	-1416
17.36	-1396
17.37	-1416
17.38	-1408
17.39	-1400
17.4	-1404
17.41	-1410
17.42	-1408
17.43	-1398
17.44	-1404
17.45	-1412
17.46	-1390
17.47	-1422
17.48	-1398
17.49	-1388
17.5	-1398.23
17.51	-1400
17.52	-1396
17.53	-1420
17.54	-1406
17.55	-1412
17.56	-1384
17.57	-1408
17.58	-1392
17.59	-1390
17.6	-1404
17.61	-1404
17.62	-1392
17.63	-1420
17.64	-1382
17.65	-1406
17.66	-1400
17.67	-1398
17.68	-1406
17.69	-1392
17.7	-1410
17.71	-1404
17.72	-1412
17.73	-1408
17.74	-1438
17.75	-1400
17.76	-1426
17.77	-1422
17.78	-1404
17.79	-1404
17.8	-1390
17.81	-1416
17.82	-1406
17.83	-1394
17.84	-1410
17.85	-1420
17.86	-1428
17.87	-1408
17.88	-1420
17.89	-1384
17.9	-1398
17.91	-1400
17.92	-1398
17.93	-1420
17.94	-1392
17.95	-1416
17.96	-1406
17.97	-1380
17.98	-1406
17.99	-1400
18	-1420
18.01	-1394
18.02	-1420
18.03	-1396
18.04	-1410
18.05	-1400
18.06	-1386
18.07	-1396
18.08	-1420
18.09	-1414
18.1	-1408
18.11	-1406
18.12	-1404
18.13	-1404
18.14	-1406
18.15	-1404
18.16	-1390
18.17	-1392
18.18	-1402
18.19	-1426
18.2	-1408
18.21	-1398
18.22	-1408
18.23	-1404
18.24	-1398
18.25	-1392
18.26	-1406
18.27	-1406
18.28	-1410
18.29	-1394
18.3	-1402
18.31	-1404
18.32	-1420
18.33	-1400
18.34	-1422
18.35	-1420
18.36	-1398
18.37	-1424
18.38	-1402
18.39	-1410
18.4	-1416
18.41	-1392
18.42	-1424
18.43	-1400
18.44	-1406
18.45	-1404
18.46	-1400
18.47	-1402
18.48	-1406
18.49	-1406
18.5	-1410
18.51	-1418
18.52	-1414
18.53	-1400
18.54	-1390
18.55	-1402
18.56	-1392
18.57	-1414
18.58	-1394
18.59	-1404
18.6	-1416
18.61	-1408
18.62	-1398
18.63	-1404
18.64	-1426
18.65	-1422
18.66	-1424
18.67	-1378
18.68	-1392
18.69	-1400
18.7	-1418
18.71	-1396
18.72	-1408
18.73	-1428
18.74	-1394
18.75	-1386
18.76	-1410
18.77	-1414
18.78	-1414
18.79	-1408
18.8	-1398
18.81	-1408
18.82	-1390
18.83	-1382
18.84	-1422
18.85	-1400
18.86	-1424
18.87	-1406
18.88	-1410
18.89	-1412
18.9	-1418
18.91	-1432
18.92	-1416
18.93	-1394
18.94	-1402
18.95	-1406
18.96	-1406
18.97	-1412
18.98	-1390
18.99	-1386
19	-1404
19.01	-1374
19.02	-1410
19.03	-1396
19.04	-1396
19.05	-1398
19.06	-1394
19.07	-1396
19.08	-1412
19.09	-1400
19.1	-1408
19.11	-1378
19.12	-1368
19.13	-1416
19.14	-1404
19.15	-1394
19.16	-1392
19.17	-1402
19.18	-1426
19.19	-1406
19.2	-1396
19.21	-1400
19.22	-1400
19.23	-1416
19.24	-1391.58
19.25	-1406
19.26	-1406
19.27	-1436
19.28	-1408
19.29	-1406
19.3	-1414
19.31	-1396
19.32	-1403.82
19.33	-1406
19.34	-1392
19.35	-1394
19.36	-1410
19.37	-1410
19.38	-1406
19.39	-1392
19.4	-1392
19.41	-1404
19.42	-1416
19.43	-1392
19.44	-1406
19.45	-1402
19.46	-1406
19.47	-1410
19.48	-1398
19.49	-1412
19.5	-1430
19.51	-1400
19.52	-1402
19.53	-1432
19.54	-1428
19.55	-1412
19.56	-1414
19.57	-1406
19.58	-1408
19.59	-1414
19.6	-1410
19.61	-1406
19.62	-1422
19.63	-1410
19.64	-1404
19.65	-1424
19.66	-1420
19.67	-1400
19.68	-1416
19.69	-1420
19.7	-1408
19.71	-1422
19.72	-1400
19.73	-1398
19.74	-1394
19.75	-1414
19.76	-1399.98
19.77	-1404
19.78	-1390
19.79	-1402
19.8	-1408
19.81	-1426
19.82	-1396
19.83	-1414
19.84	-1400
19.85	-1388
19.86	-1384
19.87	-1400
19.88	-1402
19.89	-1406
19.9	-1408
19.91	-1420
19.92	-1378
19.93	-1416
19.94	-1390
19.95	-1412
19.96	-1404
19.97	-1406
19.98	-1412
19.99	-1414
20	-1398
20.01	-1420
20.02	-1430
20.03	-1428
20.04	-1422
20.05	-1404
20.06	-1402
20.07	-1402
20.08	-1410
20.09	-1426
20.1	-1410
20.11	-1406
20.12	-1410
20.13	-1398
20.14	-1414
20.15	-1420
20.16	-1408
20.17	-1390
20.18	-1416
20.19	-1410
20.2	-1394
20.21	-1414
20.22	-1410
20.23	-1400
20.24	-1414
20.25	-1406
20.26	-1412
20.27	-1418
20.28	-1410
20.29	-1408
20.3	-1404
20.31	-1424
20.32	-1420
20.33	-1398
20.34	-1398
20.35	-1406
20.36	-1402
20.37	-1374
20.38	-1408
20.39	-1400
20.4	-1412
20.41	-1408
20.42	-1406
20.43	-1418
20.44	-1414
20.45	-1408
20.46	-1434
20.47	-1386
20.48	-1418
20.49	-1406
20.5	-1408
20.51	-1410
20.52	-1410
20.53	-1420
20.54	-1392
20.55	-1404
20.56	-1420
20.57	-1416
20.58	-1386
20.59	-1392
20.6	-1410
20.61	-1404
20.62	-1410
20.63	-1402
20.64	-1416
20.65	-1408
20.66	-1402
20.67	-1400
20.68	-1400
20.69	-1388
20.7	-1412
20.71	-1392
20.72	-1416
20.73	-1400
20.74	-1416
20.75	-1396
20.76	-1416
20.77	-1392
20.78	-1410
20.79	-1412
20.8	-1406
20.81	-1410
20.82	-1402
20.83	-1416
20.84	-1398.54
20.85	-1410
20.86	-1398
20.87	-1412
20.88	-1406
20.89	-1390
20.9	-1432
20.91	-1412
20.92	-1404
20.93	-1386
20.94	-1398
20.95	-1410
20.96	-1412
20.97	-1428
20.98	-1408
20.99	-1404
21	-1400
21.01	-1396
21.02	-1414
21.03	-1424
21.04	-1408
21.05	-1402
21.06	-1410
21.07	-1418
21.08	-1398
21.09	-1386
21.1	-1416
21.11	-1406
21.12	-1416
21.13	-1428
21.14	-1408
21.15	-1414
21.16	-1408
21.17	-1410
21.18	-1390
21.19	-1386
21.2	-1410
21.21	-1416
21.22	-1412
21.23	-1402
21.24	-1410
21.25	-1404
21.26	-1400
21.27	-1406
21.28	-1418
21.29	-1404
21.3	-1416
21.31	-1410
21.32	-1412
21.33	-1390
21.34	-1416
21.35	-1402
21.36	-1418
21.37	-1410
21.38	-1414
21.39	-1384
21.4	-1404
21.41	-1410
21.42	-1402
21.43	-1398
21.44	-1388
21.45	-1384
21.46	-1404
21.47	-1394
21.48	-1416
21.49	-1406
21.5	-1410
21.51	-1404
21.52	-1392
21.53	-1406
21.54	-1390
21.55	-1422
21.56	-1398
21.57	-1398
21.58	-1414
21.59	-1396
21.6	-1406
21.61	-1408
21.62	-1394
21.63	-1390
21.64	-1412
21.65	-1424
21.66	-1412
21.67	-1414
21.68	-1406
21.69	-1394
21.7	-1408
21.71	-1404
21.72	-1430
21.73	-1418
21.74	-1410
21.75	-1398
21.76	-1412
21.77	-1396
21.78	-1408
21.79	-1392
21.8	-1402
21.81	-1414
21.82	-1424
21.83	-1406
21.84	-1446
21.85	-1402
21.86	-1408
21.87	-1384
21.88	-1406
21.89	-1408
21.9	-1414
21.91	-1392
21.92	-1404
21.93	-1388
21.94	-1406
21.95	-1406
21.96	-1394
21.97	-1422
21.98	-1406
21.99	-1418
22	-1410
22.01	-1406
22.02	-1414
22.03	-1400
22.04	-1398
22.05	-1404
22.06	-1398
22.07	-1412
22.08	-1400
22.09	-1406
22.1	-1418
22.11	-1412
22.12	-1418
22.13	-1416
22.14	-1412
22.15	-1394
22.16	-1424
22.17	-1402
22.18	-1414
22.19	-1430
22.2	-1414
22.21	-1420
22.22	-1410
22.23	-1418
22.24	-1408
22.25	-1394
22.26	-1406
22.27	-1404
22.28	-1392
22.29	-1416
22.3	-1410
22.31	-1430
22.32	-1402
22.33	-1396
22.34	-1412.36
22.35	-1416
22.36	-1420
22.37	-1402
22.38	-1400
22.39	-1404
22.4	-1416
22.41	-1408
22.42	-1400
22.43	-1394
22.44	-1396
22.45	-1404
22.46	-1400
22.47	-1398
22.48	-1424
22.49	-1418
22.5	-1396
22.51	-1418
22.52	-1404
22.53	-1384
22.54	-1406
22.55	-1396
22.56	-1408
22.57	-1394
22.58	-1406
22.59	-1412
22.6	-1412
22.61	-1394
22.62	-1414
22.63	-1400
22.64	-1412
22.65	-1380
22.66	-1406
22.67	-1382
22.68	-1398
22.69	-1414
22.7	-1416
22.71	-1418
22.72	-1428
22.73	-1416
22.74	-1412
22.75	-1400
22.76	-1420
22.77	-1422
22.78	-1400
22.79	-1416
22.8	-1416
22.81	-1418
22.82	-1406
22.83	-1404
22.84	-1396
22.85	-1414
22.86	-1388
22.87	-1414
22.88	-1400
22.89	-1414
22.9	-1408
22.91	-1408
22.92	-1404
22.93	-1394
22.94	-1418
22.95	-1398
22.96	-1420
22.97	-1400
22.98	-1410
22.99	-1410
23	-1406
23.01	-1410
23.02	-1400
23.03	-1406
23.04	-1404
23.05	-1388
23.06	-1406
23.07	-1410
23.08	-1426
23.09	-1420
23.1	-1394
23.11	-1412
23.12	-1396
23.13	-1404
23.14	-1412
23.15	-1396
23.16	-1400
23.17	-1396
23.18	-1396
23.19	-1404
23.2	-1402
23.21	-1418
23.22	-1408
23.23	-1412
23.24	-1410
23.25	-1400
23.26	-1416
23.27	-1414
23.28	-1390
23.29	-1406
23.3	-1412
23.31	-1410
23.32	-1408
23.33	-1400
23.34	-1412
23.35	-1412
23.36	-1416
23.37	-1412
23.38	-1398
23.39	-1418
23.4	-1412
23.41	-1412
23.42	-1414
23.43	-1434
23.44	-1404
23.45	-1412
23.46	-1388
23.47	-1396
23.48	-1390
23.49	-1424
23.5	-1388
23.51	-1398
23.52	-1422
23.53	-1432
23.54	-1402
23.55	-1406
23.56	-1412
23.57	-1414
23.58	-1404
23.59	-1408
23.6	-1408
23.61	-1398
23.62	-1418
23.63	-1406
23.64	-1408
23.65	-1408
23.66	-1410
23.67	-1382
23.68	-1398
23.69	-1428
23.7	-1406
23.71	-1410
23.72	-1406
23.73	-1400
23.74	-1412
23.75	-1400
23.76	-1400
23.77	-1404
23.78	-1406
23.79	-1396
23.8	-1390
23.81	-1408
23.82	-1402
23.83	-1406
23.84	-1420
23.85	-1408
23.86	-1388
23.87	-1418
23.88	-1410
23.89	-1404
23.9	-1402
23.91	-1420
23.92	-1400
23.93	-1400
23.94	-1418
23.95	-1408
23.96	-1398.39
23.97	-1410
23.98	-1412
23.99	-1420.69
24	-1398
24.01	-1412
24.02	-1412
24.03	-1426
24.04	-1396
24.05	-1408
24.06	-1426
24.07	-1422
24.08	-1402
24.09	-1398
24.1	-1398
24.11	-1416
24.12	-1414
24.13	-1418
24.14	-1414
24.15	-1399.9
24.16	-1404
24.17	-1409.01
24.18	-1404
24.19	-1412
24.2	-1392
24.21	-1420
24.22	-1404
24.23	-1430
24.24	-1410
24.25	-1394
24.26	-1430
24.27	-1402
24.28	-1414
24.29	-1408
24.3	-1420
24.31	-1404
24.32	-1406
24.33	-1416
24.34	-1404
24.35	-1416
24.36	-1424
24.37	-1396
24.38	-1392
24.39	-1404
24.4	-1406
24.41	-1414
24.42	-1398
24.43	-1382
24.44	-1424
24.45	-1418
24.46	-1420
24.47	-1412
24.48	-1398
24.49	-1420
24.5	-1374
24.51	-1404
24.52	-1402
24.53	-1416
24.54	-1396
24.55	-1412
24.56	-1404
24.57	-1416
24.58	-1406
24.59	-1402
24.6	-1398
24.61	-1402
24.62	-1402
24.63	-1426
24.64	-1410
24.65	-1416
24.66	-1422
24.67	-1394
24.68	-1390
24.69	-1402
24.7	-1410
24.71	-1426
24.72	-1396
24.73	-1414
24.74	-1396
24.75	-1412
24.76	-1402
24.77	-1416
24.78	-1404
24.79	-1420
24.8	-1394
24.81	-1422
24.82	-1406
24.83	-1422
24.84	-1402
24.85	-1420
24.86	-1400
24.87	-1420
24.88	-1390
24.89	-1402
24.9	-1426
24.91	-1410
24.92	-1406
24.93	-1390
24.94	-1416
24.95	-1394
24.96	-1428
24.97	-1388
24.98	-1416
24.99	-1406
25	-1414
25.01	-1404
25.02	-1400
25.03	-1392
25.04	-1384
25.05	-1420
25.06	-1398
25.07	-1394
25.08	-1392
25.09	-1428
25.1	-1416
25.11	-1406
25.12	-1408
25.13	-1400
25.14	-1398
25.15	-1420
25.16	-1422
25.17	-1414
25.18	-1404
25.19	-1400
25.2	-1416
25.21	-1404
25.22	-1406
25.23	-1416
25.24	-1407.97
25.25	-1414
25.26	-1380
25.27	-1408
25.28	-1404
25.29	-1412
25.3	-1412
25.31	-1398
25.32	-1392
25.33	-1396
25.34	-1420
25.35	-1413.33
25.36	-1408
25.37	-1402
25.38	-1416
25.39	-1400
25.4	-1390
25.41	-1392
25.42	-1410
25.43	-1412
25.44	-1406
25.45	-1408
25.46	-1416
25.47	-1378
25.48	-1410
25.49	-1411.12
25.5	-1416
25.51	-1418
25.52	-1396
25.53	-1398
25.54	-1402
25.55	-1388
25.56	-1416
25.57	-1404
25.58	-1404
25.59	-1394
25.6	-1400
25.61	-1404
25.62	-1410
25.63	-1432
25.64	-1406
25.65	-1404
25.66	-1380
25.67	-1390
25.68	-1394
25.69	-1430
25.7	-1410
25.71	-1412
25.72	-1420
25.73	-1408
25.74	-1412
25.75	-1406
25.76	-1402
25.77	-1414
25.78	-1424
25.79	-1404
25.8	-1404
25.81	-1412
25.82	-1418
25.83	-1412
25.84	-1409.9
25.85	-1420
25.86	-1418
25.87	-1408
25.88	-1392
25.89	-1424
25.9	-1400
25.91	-1406
25.92	-1404
25.93	-1420
25.94	-1416
25.95	-1394
25.96	-1422
25.97	-1418
25.98	-1392
25.99	-1414
26	-1414
26.01	-1400
26.02	-1414
26.03	-1394
26.04	-1416
26.05	-1402
26.06	-1382
26.07	-1410
26.08	-1406
26.09	-1400
26.1	-1416
26.11	-1410
26.12	-1408
26.13	-1412
26.14	-1418
26.15	-1410
26.16	-1392
26.17	-1410
26.18	-1412
26.19	-1402
26.2	-1408
26.21	-1396.26
26.22	-1408
26.23	-1418
26.24	-1394
26.25	-1406
26.26	-1396
26.27	-1404
26.28	-1392
26.29	-1410
26.3	-1402
26.31	-1404
26.32	-1388
26.33	-1414
26.34	-1392
26.35	-1408
26.36	-1404
26.37	-1410
26.38	-1412
26.39	-1412
26.4	-1414
26.41	-1402
26.42	-1412
26.43	-1402
26.44	-1392
26.45	-1402
26.46	-1402
26.47	-1406
26.48	-1408
26.49	-1408
26.5	-1412
26.51	-1386
26.52	-1404
26.53	-1412
26.54	-1416
26.55	-1438
26.56	-1402
26.57	-1416
26.58	-1406
26.59	-1416
26.6	-1404
26.61	-1404
26.62	-1390
26.63	-1404
26.64	-1420
26.65	-1402
26.66	-1414
26.67	-1410
26.68	-1398
26.69	-1436
26.7	-1408
26.71	-1404
26.72	-1420
26.73	-1392
26.74	-1426
26.75	-1410
26.76	-1420
26.77	-1400
26.78	-1420
26.79	-1400
26.8	-1400
26.81	-1408
26.82	-1424
26.83	-1416
26.84	-1402
26.85	-1418
26.86	-1410
26.87	-1404
26.88	-1380
26.89	-1422
26.9	-1404
26.91	-1430
26.92	-1428
26.93	-1410
26.94	-1392
26.95	-1409.75
26.96	-1412
26.97	-1392.98
26.98	-1428
26.99	-1420
27	-1418
27.01	-1420
27.02	-1394
27.03	-1410
27.04	-1394
27.05	-1426
27.06	-1384
27.07	-1406
27.08	-1404
27.09	-1412
27.1	-1396
27.11	-1428
27.12	-1412
27.13	-1400
27.14	-1394
27.15	-1416
27.16	-1404
27.17	-1410
27.18	-1406
27.19	-1408
27.2	-1408
27.21	-1390
27.22	-1410
27.23	-1392
27.24	-1412
27.25	-1392
27.26	-1414
27.27	-1420
27.28	-1430
27.29	-1416
27.3	-1410
27.31	-1430
27.32	-1400
27.33	-1408
27.34	-1392
27.35	-1398
27.36	-1410
27.37	-1424
27.38	-1418
27.39	-1406
27.4	-1410
27.41	-1416
27.42	-1392
27.43	-1400
27.44	-1398
27.45	-1420
27.46	-1414
27.47	-1394
27.48	-1390
27.49	-1406
27.5	-1408
27.51	-1386
27.52	-1394
27.53	-1402
27.54	-1398
27.55	-1380
27.56	-1410
27.57	-1414
27.58	-1394
27.59	-1404
27.6	-1392
27.61	-1412
27.62	-1408
27.63	-1418
27.64	-1406
27.65	-1430
27.66	-1412
27.67	-1420
27.68	-1410
27.69	-1416
27.7	-1400
27.71	-1398
27.72	-1418
27.73	-1410
27.74	-1416
27.75	-1412
27.76	-1412
27.77	-1430
27.78	-1412
27.79	-1400
27.8	-1424
27.81	-1400
27.82	-1394
27.83	-1412
27.84	-1414
27.85	-1406
27.86	-1402
27.87	-1392
27.88	-1396
27.89	-1418
27.9	-1402
27.91	-1394
27.92	-1422
27.93	-1424
27.94	-1412
27.95	-1408
27.96	-1412
27.97	-1394
27.98	-1414
27.99	-1408
28	-1428
28.01	-1412
28.02	-1422
28.03	-1422
28.04	-1386
28.05	-1402
28.06	-1400
28.07	-1412
28.08	-1410
28.09	-1402
28.1	-1414
28.11	-1404.07
28.12	-1423.57
28.13	-1400
28.14	-1404
28.15	-1402
28.16	-1410
28.17	-1408
28.18	-1414
28.19	-1410.64
28.2	-1428
28.21	-1402
28.22	-1394
28.23	-1396
28.24	-1396
28.25	-1388
28.26	-1406
28.27	-1406
28.28	-1420
28.29	-1408
28.3	-1418
28.31	-1414
28.32	-1414
28.33	-1406
28.34	-1416
28.35	-1390
28.36	-1404
28.37	-1412
28.38	-1398
28.39	-1420
28.4	-1400
28.41	-1402
28.42	-1400
28.43	-1420
28.44	-1408
28.45	-1416
28.46	-1400
28.47	-1408
28.48	-1422
28.49	-1416
28.5	-1412
28.51	-1414
28.52	-1412
28.53	-1420
28.54	-1410
28.55	-1398
28.56	-1402
28.57	-1398
28.58	-1430
28.59	-1402
28.6	-1412
28.61	-1412
28.62	-1408
28.63	-1408
28.64	-1404
28.65	-1392
28.66	-1414
28.67	-1408
28.68	-1428
28.69	-1432
28.7	-1408
28.71	-1416
28.72	-1394
28.73	-1396
28.74	-1402
28.75	-1398
28.76	-1408
28.77	-1402
28.78	-1396
28.79	-1404
28.8	-1414
28.81	-1398
28.82	-1406
28.83	-1398
28.84	-1424
28.85	-1406
28.86	-1392
28.87	-1394
28.88	-1396
28.89	-1428
28.9	-1408
28.91	-1406
28.92	-1414
28.93	-1418
28.94	-1428
28.95	-1392
28.96	-1410
28.97	-1412
28.98	-1400
28.99	-1396
29	-1396
29.01	-1414
29.02	-1390
29.03	-1398
29.04	-1382
29.05	-1412
29.06	-1388
29.07	-1404
29.08	-1406
29.09	-1398
29.1	-1416
29.11	-1428
29.12	-1408
29.13	-1418
29.14	-1402
29.15	-1402
29.16	-1402
29.17	-1410
29.18	-1400
29.19	-1416
29.2	-1408
29.21	-1398
29.22	-1402
29.23	-1404
29.24	-1410
29.25	-1420
29.26	-1402
29.27	-1410
29.28	-1416
29.29	-1410
29.3	-1422
29.31	-1402
29.32	-1418
29.33	-1412
29.34	-1392
29.35	-1414
29.36	-1400
29.37	-1406
29.38	-1388
29.39	-1400
29.4	-1404
29.41	-1412
29.42	-1396
29.43	-1398
29.44	-1404
29.45	-1422
29.46	-1384
29.47	-1394
29.48	-1410
29.49	-1398
29.5	-1382
29.51	-1398
29.52	-1440
29.53	-1408
29.54	-1404
29.55	-1406
29.56	-1402
29.57	-1404
29.58	-1414
29.59	-1408
29.6	-1416
29.61	-1406
29.62	-1400
29.63	-1412
29.64	-1402
29.65	-1406
29.66	-1406
29.67	-1416
29.68	-1414
29.69	-1408
29.7	-1398
29.71	-1408
29.72	-1410
29.73	-1398
29.74	-1394
29.75	-1428
29.76	-1400
29.77	-1416
29.78	-1396
29.79	-1396
29.8	-1408
29.81	-1396
29.82	-1404
29.83	-1400
29.84	-1412
29.85	-1424
29.86	-1416
29.87	-1402
29.88	-1400
29.89	-1404
29.9	-1410
29.91	-1402
29.92	-1432
29.93	-1422
29.94	-1410
29.95	-1414
29.96	-1414
29.97	-1410
29.98	-1422
29.99	-1418
30	-1400
30.01	-1390
30.02	-1388
30.03	-1404
30.04	-1396
30.05	-1420
30.06	-1402
30.07	-1402
30.08	-1396
30.09	-1400
30.1	-1410
30.11	-1408
30.12	-1412
30.13	-1398
30.14	-1396
30.15	-1392
30.16	-1384
30.17	-1410
30.18	-1390
30.19	-1420
30.2	-1434
30.21	-1416
30.22	-1414
30.23	-1406
30.24	-1414
30.25	-1428
30.26	-1420
30.27	-1414
30.28	-1408
30.29	-1410
30.3	-1396
30.31	-1426
30.32	-1404
30.33	-1404
30.34	-1398
30.35	-1410
30.36	-1404
30.37	-1384
30.38	-1392
30.39	-1392
30.4	-1412
30.41	-1428
30.42	-1392
30.43	-1390
30.44	-1412
30.45	-1418
30.46	-1422
30.47	-1418
30.48	-1422
30.49	-1408
30.5	-1398
