0	-4.372
0.01	-52.98
0.02	-140.122
0.03	-186.175
0.04	-261.384
0.05	-291.958
0.06	-339.532
0.07	-421.668
0.08	-472.314
0.09	-551.451
0.1	-619.138
0.11	-677.93
0.12	-729.184
0.13	-793.963
0.14	-838.314
0.15	-876.875
0.16	-963.604
0.17	-1010.14
0.18	-1072.86
0.19	-1126.23
0.2	-1169.35
0.21	-1216.09
0.22	-1266.58
0.23	-1302.81
0.24	-1381.56
0.25	-1421.02
0.26	-1459.86
0.27	-1526.6
0.28	-1548.62
0.29	-1614.86
0.3	-1667.71
0.31	-1679.85
0.32	-1733.43
0.33	-1769.03
0.34	-1833.15
0.35	-1833.03
0.36	-1866.52
0.37	-1898.75
0.38	-1963.77
0.39	-1987.61
0.4	-2003.44
0.41	-2036.43
0.42	-2047.09
0.43	-2090.25
0.44	-2134.52
0.45	-2165.75
0.46	-2178.65
0.47	-2198.1
0.48	-2238.57
0.49	-2276.43
0.5	-2286.11
0.51	-2298.33
0.52	-2287.51
0.53	-2312.54
0.54	-2326.4
0.55	-2372.54
0.56	-2413.64
0.57	-2384
0.58	-2411.2
0.59	-2445.63
0.6	-2457.17
0.61	-2472.81
0.62	-2490.27
0.63	-2504.56
0.64	-2522.31
0.65	-2494.94
0.66	-2538.2
0.67	-2548.16
0.68	-2544.84
0.69	-2621.83
0.7	-2593.8
0.71	-2564.47
0.72	-2609.05
0.73	-2615.66
0.74	-2608.14
0.75	-2620.99
0.76	-2647.73
0.77	-2641.84
0.78	-2649.3
0.79	-2663.57
0.8	-2679.66
0.81	-2669.72
0.82	-2668.07
0.83	-2687.7
0.84	-2675.46
0.85	-2703.87
0.86	-2723.91
0.87	-2712.99
0.88	-2717.58
0.89	-2729.22
0.9	-2722.76
0.91	-2715.81
0.92	-2754.38
0.93	-2744.94
0.94	-2781.75
0.95	-2737.39
0.96	-2742.54
0.97	-2765.3
0.98	-2766.63
0.99	-2771.69
1	-2774.13
1.01	-2745.04
1.02	-2772.25
1.03	-2760.78
1.04	-2769.28
1.05	-2752.84
1.06	-2795.47
1.07	-2789.36
1.08	-2800.64
1.09	-2820.24
1.1	-2797.22
1.11	-2800.13
1.12	-2772.75
1.13	-2809.33
1.14	-2785.1
1.15	-2821.05
1.16	-2766.41
1.17	-2798.65
1.18	-2795.42
1.19	-2792.29
1.2	-2822.03
1.21	-2837.55
1.22	-2807.27
1.23	-2806.69
1.24	-2822.93
1.25	-2828.02
1.26	-2805.82
1.27	-2854.58
1.28	-2827.54
1.29	-2820.3
1.3	-2785.86
1.31	-2795.86
1.32	-2816.63
1.33	-2824.26
1.34	-2823.53
1.35	-2823.56
1.36	-2811.61
1.37	-2804.99
1.38	-2842.55
1.39	-2839.03
1.4	-2818.56
1.41	-2811.87
1.42	-2847.25
1.43	-2818.7
1.44	-2824.08
1.45	-2849.88
1.46	-2839.25
1.47	-2802.64
1.48	-2835.99
1.49	-2781.81
1.5	-2836.5
1.51	-2829.45
1.52	-2815.52
1.53	-2848.87
1.54	-2820.97
1.55	-2841.14
1.56	-2826.31
1.57	-2833.64
1.58	-2852.3
1.59	-2807.11
1.6	-2805.83
1.61	-2816.79
1.62	-2817.36
1.63	-2847.63
1.64	-2822.76
1.65	-2796.88
1.66	-2833.02
1.67	-2806.41
1.68	-2822.23
1.69	-2843.99
1.7	-2851.3
1.71	-2818.62
1.72	-2831.38
1.73	-2838.62
1.74	-2828.43
1.75	-2821.4
1.76	-2826.36
1.77	-2789.28
1.78	-2817.6
1.79	-2842.49
1.8	-2834.33
1.81	-2834.4
1.82	-2821.8
1.83	-2822.37
1.84	-2826.84
1.85	-2835.55
1.86	-2840.76
1.87	-2822.37
1.88	-2838.61
1.89	-2842.84
1.9	-2814.63
1.91	-2819.71
1.92	-2824.74
1.93	-2828.74
1.94	-2817.09
1.95	-2821.83
1.96	-2797.58
1.97	-2830.28
1.98	-2831.51
1.99	-2816.88
2	-2818.24
2.01	-2822.25
2.02	-2831.21
2.03	-2780
2.04	-2850.43
2.05	-2840.6
2.06	-2831.99
2.07	-2782.21
2.08	-2825.35
2.09	-2810.38
2.1	-2815.62
2.11	-2840.69
2.12	-2804.75
2.13	-2811.05
2.14	-2842.79
2.15	-2847.28
2.16	-2812.76
2.17	-2818.47
2.18	-2814.08
2.19	-2815.49
2.2	-2800.94
2.21	-2838.37
2.22	-2834.79
2.23	-2825.24
2.24	-2824.79
2.25	-2834.76
2.26	-2809.06
2.27	-2799.53
2.28	-2803.9
2.29	-2826.56
2.3	-2862.01
2.31	-2817.52
2.32	-2827.48
2.33	-2832.4
2.34	-2837.75
2.35	-2845.45
2.36	-2827.21
2.37	-2846.5
2.38	-2815.19
2.39	-2847.73
2.4	-2837.42
2.41	-2806.14
2.42	-2789.89
2.43	-2827.29
2.44	-2779.76
2.45	-2871.81
2.46	-2819.6
2.47	-2841.74
2.48	-2861.8
2.49	-2825
2.5	-2817.81
2.51	-2841.99
2.52	-2846.41
2.53	-2837.73
2.54	-2836.3
2.55	-2846.11
2.56	-2767.71
2.57	-2809.72
2.58	-2799.62
2.59	-2800.97
2.6	-2799.78
2.61	-2830.96
2.62	-2819.06
2.63	-2775.12
2.64	-2817.77
2.65	-2809.76
2.66	-2802.79
2.67	-2829.02
2.68	-2824.34
2.69	-2787.02
2.7	-2791.91
2.71	-2783.95
2.72	-2810.65
2.73	-2817.84
2.74	-2766.49
2.75	-2841.72
2.76	-2815.84
2.77	-2789.02
2.78	-2803.92
2.79	-2812.72
2.8	-2828.39
2.81	-2815.91
2.82	-2789.97
2.83	-2815.94
2.84	-2839.35
2.85	-2783.42
2.86	-2803.97
2.87	-2799.98
2.88	-2801.93
2.89	-2839.94
2.9	-2806.3
2.91	-2823.97
2.92	-2791.12
2.93	-2813.98
2.94	-2845.61
2.95	-2823.95
2.96	-2789.94
2.97	-2777.95
2.98	-2819.98
2.99	-2801.96
3	-2839.98
3.01	-2815.96
3.02	-2797.98
3.03	-2835.68
3.04	-2802
3.05	-2833.89
3.06	-2843.97
3.07	-2789.98
3.08	-2781.99
3.09	-2799.99
3.1	-2777.99
3.11	-2803.96
3.12	-2817.9
3.13	-2851.81
3.14	-2771.99
3.15	-2824
3.16	-2841.94
3.17	-2773.99
3.18	-2787.99
3.19	-2813.99
3.2	-2779.97
3.21	-2813.37
3.22	-2779.99
3.23	-2784.89
3.24	-2827.95
3.25	-2825.99
3.26	-2815.99
3.27	-2805.99
3.28	-2807.99
3.29	-2795.99
3.3	-2815.99
3.31	-2848
3.32	-2814
3.33	-2799.98
3.34	-2797.95
3.35	-2817.98
3.36	-2830
3.37	-2784
3.38	-2823.97
3.39	-2807.97
3.4	-2825.94
3.41	-2801.16
3.42	-2782
3.43	-2820
3.44	-2811.99
3.45	-2838
3.46	-2832
3.47	-2768
3.48	-2825.99
3.49	-2782
3.5	-2825.99
3.51	-2800
3.52	-2805.99
3.53	-2769.98
3.54	-2818
3.55	-2785.99
3.56	-2810
3.57	-2786
3.58	-2802
3.59	-2810
3.6	-2792
3.61	-2810
3.62	-2800
3.63	-2799.99
3.64	-2822
3.65	-2792
3.66	-2796
3.67	-2810
3.68	-2788
3.69	-2793.99
3.7	-2838
3.71	-2848
3.72	-2863.99
3.73	-2811.99
3.74	-2772
3.75	-2812
3.76	-2788
3.77	-2780
3.78	-2806
3.79	-2807.7
3.8	-2806
3.81	-2824
3.82	-2798
3.83	-2784
3.84	-2834
3.85	-2808
3.86	-2818
3.87	-2793.44
3.88	-2830
3.89	-2826
3.9	-2812
3.91	-2800
3.92	-2806
3.93	-2810
3.94	-2810
3.95	-2842
3.96	-2810
3.97	-2820
3.98	-2796
3.99	-2842
4	-2808
4.01	-2804
4.02	-2784
4.03	-2806.91
4.04	-2782
4.05	-2796
4.06	-2794
4.07	-2814
4.08	-2832
4.09	-2816
4.1	-2808
4.11	-2768
4.12	-2808
4.13	-2820
4.14	-2730
4.15	-2820
4.16	-2814
4.17	-2790
4.18	-2816
4.19	-2778
4.2	-2818
4.21	-2826
4.22	-2806
4.23	-2796
4.24	-2824
4.25	-2776
4.26	-2804
4.27	-2814
4.28	-2808
4.29	-2794
4.3	-2816
4.31	-2816
4.32	-2806
4.33	-2806
4.34	-2788
4.35	-2786
4.36	-2808
4.37	-2812
4.38	-2800
4.39	-2790
4.4	-2816
4.41	-2806
4.42	-2790
4.43	-2802
4.44	-2812
4.45	-2814
4.46	-2778
4.47	-2788
4.48	-2832
4.49	-2768
4.5	-2806
4.51	-2802
4.52	-2798
4.53	-2808
4.54	-2822
4.55	-2794
4.56	-2818
4.57	-2824
4.58	-2784
4.59	-2852
4.6	-2813.06
4.61	-2802
4.62	-2824
4.63	-2812
4.64	-2818
4.65	-2788
4.66	-2798
4.67	-2783.37
4.68	-2852
4.69	-2812
4.7	-2810
4.71	-2852
4.72	-2784
4.73	-2786
4.74	-2790
4.75	-2830
4.76	-2804
4.77	-2816
4.78	-2808
4.79	-2840
4.8	-2770
4.81	-2782
4.82	-2796
4.83	-2816
4.84	-2826
4.85	-2816
4.86	-2800
4.87	-2790
4.88	-2792
4.89	-2832
4.9	-2824
4.91	-2808
4.92	-2808
4.93	-2802
4.94	-2782
4.95	-2824
4.96	-2826
4.97	-2814
4.98	-2784
4.99	-2798
5	-2800
5.01	-2792
5.02	-2806
5.03	-2767.76
5.04	-2818
5.05	-2806
5.06	-2828
5.07	-2814
5.08	-2806
5.09	-2788
5.1	-2828
5.11	-2830
5.12	-2814
5.13	-2788
5.14	-2778
5.15	-2796
5.16	-2800
5.17	-2818
5.18	-2804
5.19	-2826
5.2	-2772
5.21	-2794
5.22	-2777.71
5.23	-2828
5.24	-2762
5.25	-2794
5.26	-2772
5.27	-2806
5.28	-2806
5.29	-2836
5.3	-2814
5.31	-2802
5.32	-2842
5.33	-2792
5.34	-2826
5.35	-2758
5.36	-2798
5.37	-2840
5.38	-2816
5.39	-2776
5.4	-2836
5.41	-2842
5.42	-2818
5.43	-2778
5.44	-2806.76
5.45	-2784
5.46	-2814
5.47	-2812
5.48	-2774
5.49	-2800
5.5	-2802
5.51	-2808
5.52	-2842
5.53	-2810
5.54	-2798
5.55	-2812
5.56	-2836
5.57	-2814
5.58	-2806
5.59	-2770
5.6	-2796
5.61	-2818
5.62	-2804
5.63	-2806
5.64	-2808
5.65	-2794
5.66	-2808
5.67	-2802
5.68	-2782
5.69	-2802
5.7	-2796
5.71	-2788
5.72	-2790
5.73	-2798
5.74	-2804
5.75	-2838
5.76	-2756
5.77	-2818
5.78	-2822
5.79	-2796
5.8	-2788
5.81	-2806.59
5.82	-2830
5.83	-2806
5.84	-2784
5.85	-2796
5.86	-2800
5.87	-2826
5.88	-2772
5.89	-2839.53
5.9	-2828
5.91	-2812
5.92	-2816
5.93	-2808
5.94	-2798
5.95	-2834
5.96	-2818
5.97	-2808
5.98	-2804
5.99	-2806
6	-2792
6.01	-2814
6.02	-2836
6.03	-2794
6.04	-2808
6.05	-2804
6.06	-2778
6.07	-2778
6.08	-2762
6.09	-2834
6.1	-2816
6.11	-2806
6.12	-2830
6.13	-2798
6.14	-2820
6.15	-2836
6.16	-2824
6.17	-2802
6.18	-2796
6.19	-2772
6.2	-2798
6.21	-2820
6.22	-2806
6.23	-2801.29
6.24	-2810
6.25	-2794
6.26	-2846
6.27	-2788
6.28	-2794
6.29	-2806
6.3	-2822
6.31	-2812
6.32	-2798
6.33	-2808
6.34	-2830
6.35	-2830
6.36	-2836
6.37	-2824
6.38	-2814
6.39	-2796
6.4	-2804
6.41	-2832
6.42	-2793.07
6.43	-2786
6.44	-2804
6.45	-2828
6.46	-2776
6.47	-2802
6.48	-2794
6.49	-2802
6.5	-2812
6.51	-2788
6.52	-2796
6.53	-2818
6.54	-2804
6.55	-2792
6.56	-2824
6.57	-2800
6.58	-2821.21
6.59	-2788
6.6	-2832
6.61	-2810
6.62	-2780
6.63	-2804
6.64	-2800
6.65	-2776
6.66	-2838
6.67	-2800
6.68	-2821.57
6.69	-2802
6.7	-2822
6.71	-2796
6.72	-2816
6.73	-2824
6.74	-2798
6.75	-2802
6.76	-2806
6.77	-2790
6.78	-2798
6.79	-2804.24
6.8	-2800
6.81	-2776
6.82	-2824
6.83	-2792
6.84	-2822
6.85	-2802
6.86	-2790
6.87	-2790
6.88	-2818
6.89	-2820
6.9	-2796
6.91	-2810
6.92	-2808
6.93	-2806
6.94	-2812
6.95	-2826
6.96	-2836
6.97	-2776
6.98	-2802
6.99	-2792
7	-2812
7.01	-2794
7.02	-2786
7.03	-2816
7.04	-2820
7.05	-2790
7.06	-2798
7.07	-2820
7.08	-2814
7.09	-2784
7.1	-2812
7.11	-2808
7.12	-2804
7.13	-2812
7.14	-2792
7.15	-2820
7.16	-2784
7.17	-2800
7.18	-2808
7.19	-2832
7.2	-2826
7.21	-2792
7.22	-2836
7.23	-2852
7.24	-2784
7.25	-2796
7.26	-2806
7.27	-2798
7.28	-2838
7.29	-2812
7.3	-2806
7.31	-2788
7.32	-2794
7.33	-2818
7.34	-2822
7.35	-2794
7.36	-2814
7.37	-2800
7.38	-2846
7.39	-2804
7.4	-2792
7.41	-2796
7.42	-2808
7.43	-2834
7.44	-2776
7.45	-2788
7.46	-2818
7.47	-2784
7.48	-2826
7.49	-2796
7.5	-2828
7.51	-2774
7.52	-2770
7.53	-2836
7.54	-2776
7.55	-2798
7.56	-2806
7.57	-2836
7.58	-2780
7.59	-2812
7.6	-2818
7.61	-2798
7.62	-2798
7.63	-2793.87
7.64	-2788
7.65	-2788
7.66	-2796
7.67	-2819.8
7.68	-2804
7.69	-2792
7.7	-2842
7.71	-2810
7.72	-2794
7.73	-2810
7.74	-2818
7.75	-2820
7.76	-2782
7.77	-2816
7.78	-2802
7.79	-2802
7.8	-2826
7.81	-2810
7.82	-2828
7.83	-2830
7.84	-2810
7.85	-2812
7.86	-2802
7.87	-2828
7.88	-2798
7.89	-2768
7.9	-2798
7.91	-2816
7.92	-2790
7.93	-2780
7.94	-2840
7.95	-2810
7.96	-2780
7.97	-2814
7.98	-2836
7.99	-2782
8	-2806
8.01	-2796
8.02	-2776
8.03	-2804
8.04	-2806
8.05	-2786
8.06	-2796
8.07	-2810
8.08	-2800
8.09	-2822
8.1	-2806
8.11	-2816
8.12	-2784
8.13	-2820
8.14	-2822
8.15	-2818
8.16	-2802
8.17	-2792
8.18	-2818
8.19	-2806
8.2	-2804
8.21	-2830
8.22	-2842
8.23	-2808
8.24	-2802
8.25	-2834
8.26	-2780
8.27	-2786
8.28	-2780
8.29	-2776
8.3	-2796
8.31	-2790
8.32	-2808
8.33	-2812
8.34	-2790
8.35	-2806
8.36	-2842
8.37	-2794
8.38	-2788
8.39	-2808
8.4	-2800
8.41	-2773.93
8.42	-2828
8.43	-2810
8.44	-2798
8.45	-2814
8.46	-2792
8.47	-2778
8.48	-2826
8.49	-2812
8.5	-2830
8.51	-2809.21
8.52	-2816
8.53	-2814.34
8.54	-2812
8.55	-2816
8.56	-2774
8.57	-2796
8.58	-2804
8.59	-2810
8.6	-2806
8.61	-2844
8.62	-2804
8.63	-2838
8.64	-2852
8.65	-2806
8.66	-2774
8.67	-2792
8.68	-2818
8.69	-2844
8.7	-2816
8.71	-2808
8.72	-2772
8.73	-2804
8.74	-2802
8.75	-2846
8.76	-2810
8.77	-2836
8.78	-2804
8.79	-2794
8.8	-2804
8.81	-2808
8.82	-2792
8.83	-2784
8.84	-2816
8.85	-2824
8.86	-2828
8.87	-2770
8.88	-2816
8.89	-2794
8.9	-2760
8.91	-2816
8.92	-2810
8.93	-2816
8.94	-2810
8.95	-2808
8.96	-2836
8.97	-2764
8.98	-2816
8.99	-2848
9	-2834
9.01	-2788
9.02	-2780
9.03	-2812
9.04	-2830
9.05	-2722
9.06	-2796
9.07	-2822
9.08	-2798
9.09	-2794
9.1	-2812
9.11	-2756.29
9.12	-2808
9.13	-2838
9.14	-2818
9.15	-2808
9.16	-2810
9.17	-2836
9.18	-2794
9.19	-2812
9.2	-2828
9.21	-2814
9.22	-2758
9.23	-2834
9.24	-2798
9.25	-2798
9.26	-2852
9.27	-2778
9.28	-2780
9.29	-2796
9.3	-2804
9.31	-2816
9.32	-2802
9.33	-2788
9.34	-2816
9.35	-2808
9.36	-2782
9.37	-2770
9.38	-2836
9.39	-2776
9.4	-2822
9.41	-2772
9.42	-2824
9.43	-2796
9.44	-2778
9.45	-2780
9.46	-2794
9.47	-2806
9.48	-2816
9.49	-2782
9.5	-2814
9.51	-2810
9.52	-2804.42
9.53	-2820
9.54	-2772
9.55	-2806
9.56	-2822
9.57	-2788
9.58	-2824
9.59	-2780
9.6	-2834
9.61	-2810
9.62	-2786
9.63	-2840
9.64	-2792
9.65	-2806
9.66	-2804
9.67	-2804
9.68	-2820
9.69	-2802.95
9.7	-2782
9.71	-2808
9.72	-2789.3
9.73	-2788
9.74	-2800
9.75	-2814
9.76	-2838
9.77	-2820
9.78	-2806.92
9.79	-2834
9.8	-2826
9.81	-2774
9.82	-2824
9.83	-2788
9.84	-2808
9.85	-2820
9.86	-2806
9.87	-2798
9.88	-2808
9.89	-2782
9.9	-2796
9.91	-2796
9.92	-2760
9.93	-2798
9.94	-2782
9.95	-2800
9.96	-2846
9.97	-2788
9.98	-2810
9.99	-2790
10	-2814
10.01	-2818
10.02	-2830
10.03	-2790
10.04	-2780
10.05	-2812
10.06	-2800
10.07	-2798
10.08	-2824
10.09	-2785.67
10.1	-2786
10.11	-2846
10.12	-2804
10.13	-2784
10.14	-2790
10.15	-2788
10.16	-2812
10.17	-2846
10.18	-2828
10.19	-2818
10.2	-2785.07
10.21	-2796
10.22	-2816
10.23	-2824
10.24	-2798
10.25	-2828
10.26	-2790
10.27	-2800
10.28	-2838
10.29	-2820
10.3	-2844
10.31	-2846
10.32	-2784
10.33	-2804
10.34	-2818
10.35	-2774
10.36	-2804
10.37	-2808
10.38	-2792
10.39	-2802
10.4	-2822
10.41	-2828
10.42	-2828
10.43	-2812
10.44	-2792
10.45	-2814
10.46	-2826
10.47	-2814
10.48	-2768
10.49	-2776
10.5	-2812
10.51	-2820
10.52	-2836
10.53	-2810
10.54	-2806
10.55	-2808
10.56	-2760
10.57	-2844
10.58	-2848
10.59	-2828
10.6	-2822
10.61	-2824
10.62	-2808
10.63	-2818
10.64	-2818
10.65	-2798
10.66	-2824
10.67	-2766
10.68	-2816
10.69	-2794
10.7	-2810
10.71	-2816
10.72	-2810
10.73	-2798
10.74	-2794
10.75	-2805.28
10.76	-2800
10.77	-2814
10.78	-2820
10.79	-2794
10.8	-2796
10.81	-2790
10.82	-2796
10.83	-2818
10.84	-2842
10.85	-2826
10.86	-2824
10.87	-2807.73
10.88	-2816
10.89	-2812
10.9	-2820
10.91	-2822
10.92	-2796
10.93	-2782
10.94	-2838
10.95	-2768
10.96	-2804
10.97	-2812
10.98	-2812
10.99	-2810
11	-2832
11.01	-2808
11.02	-2796
11.03	-2764
11.04	-2780
11.05	-2826
11.06	-2788
11.07	-2810
11.08	-2812
11.09	-2794
11.1	-2790
11.11	-2812
11.12	-2810
11.13	-2834
11.14	-2818
11.15	-2822
11.16	-2822
11.17	-2818
11.18	-2784
11.19	-2782
11.2	-2772
11.21	-2790
11.22	-2814
11.23	-2802
11.24	-2858
11.25	-2804
11.26	-2812
11.27	-2790
11.28	-2798
11.29	-2800
11.3	-2854
11.31	-2794
11.32	-2816
11.33	-2822
11.34	-2804
11.35	-2796
11.36	-2790
11.37	-2782
11.38	-2810
11.39	-2804
11.4	-2792
11.41	-2778
11.42	-2816
11.43	-2802
11.44	-2794
11.45	-2798
11.46	-2814
11.47	-2804
11.48	-2790
11.49	-2794
11.5	-2780
11.51	-2800
11.52	-2842
11.53	-2808
11.54	-2804
11.55	-2836
11.56	-2832
11.57	-2838
11.58	-2798
11.59	-2814
11.6	-2816
11.61	-2800
11.62	-2828
11.63	-2804
11.64	-2798
11.65	-2834
11.66	-2793.85
11.67	-2820
11.68	-2804
11.69	-2812
11.7	-2844
11.71	-2798
11.72	-2796
11.73	-2794
11.74	-2808
11.75	-2812
11.76	-2790
11.77	-2816
11.78	-2830
11.79	-2826
11.8	-2778
11.81	-2786
11.82	-2810
11.83	-2824
11.84	-2830
11.85	-2812
11.86	-2788
11.87	-2798
11.88	-2822
11.89	-2842
11.9	-2828
11.91	-2830
11.92	-2824
11.93	-2848
11.94	-2786
11.95	-2826
11.96	-2790
11.97	-2806
11.98	-2808
11.99	-2804
12	-2808
12.01	-2812
12.02	-2808
12.03	-2766
12.04	-2790
12.05	-2830
12.06	-2830
12.07	-2806
12.08	-2784
12.09	-2852
12.1	-2831.23
12.11	-2776
12.12	-2772
12.13	-2802
12.14	-2838
12.15	-2822
12.16	-2812
12.17	-2816
12.18	-2838
12.19	-2794
12.2	-2800
12.21	-2790
12.22	-2798
12.23	-2830
12.24	-2814
12.25	-2824
12.26	-2782
12.27	-2817.84
12.28	-2818
12.29	-2808
12.3	-2794
12.31	-2816
12.32	-2804
12.33	-2802
12.34	-2842
12.35	-2792
12.36	-2818
12.37	-2818
12.38	-2796
12.39	-2776
12.4	-2832
12.41	-2804
12.42	-2800
12.43	-2811.36
12.44	-2812
12.45	-2844
12.46	-2795.5
12.47	-2822
12.48	-2776
12.49	-2790
12.5	-2820
12.51	-2808
12.52	-2818
12.53	-2832
12.54	-2776
12.55	-2784
12.56	-2816
12.57	-2796
12.58	-2730
12.59	-2840
12.6	-2808
12.61	-2771.7
12.62	-2800
12.63	-2852
12.64	-2806
12.65	-2810
12.66	-2796
12.67	-2828
12.68	-2810
12.69	-2810
12.7	-2820
12.71	-2816
12.72	-2816
12.73	-2830
12.74	-2816
12.75	-2852
12.76	-2802
12.77	-2808
12.78	-2818
12.79	-2808
12.8	-2780
12.81	-2786.79
12.82	-2780
12.83	-2806
12.84	-2794
12.85	-2814
12.86	-2814
12.87	-2812
12.88	-2770
12.89	-2816
12.9	-2772
12.91	-2820
12.92	-2836
12.93	-2782
12.94	-2800
12.95	-2818
12.96	-2796
12.97	-2820
12.98	-2802
12.99	-2824
13	-2774
13.01	-2820
13.02	-2794
13.03	-2824
13.04	-2806
13.05	-2818
13.06	-2802
13.07	-2790
13.08	-2836
13.09	-2810
13.1	-2850
13.11	-2822
13.12	-2810
13.13	-2790
13.14	-2826
13.15	-2772
13.16	-2834
13.17	-2812
13.18	-2812
13.19	-2792
13.2	-2772
13.21	-2802
13.22	-2816
13.23	-2800
13.24	-2822
13.25	-2828
13.26	-2800
13.27	-2818
13.28	-2784
13.29	-2836
13.3	-2812
13.31	-2806
13.32	-2818
13.33	-2830
13.34	-2810
13.35	-2826
13.36	-2826
13.37	-2768
13.38	-2800
13.39	-2774
13.4	-2800
13.41	-2834
13.42	-2812
13.43	-2824
13.44	-2804
13.45	-2824
13.46	-2792
13.47	-2802
13.48	-2786
13.49	-2768
13.5	-2792
13.51	-2792
13.52	-2814
13.53	-2764
13.54	-2806
13.55	-2798
13.56	-2808
13.57	-2804
13.58	-2806
13.59	-2800
13.6	-2806
13.61	-2794
13.62	-2776
13.63	-2800
13.64	-2798
13.65	-2808
13.66	-2838
13.67	-2828
13.68	-2794
13.69	-2792
13.7	-2800
13.71	-2844
13.72	-2808
13.73	-2824
13.74	-2788.86
13.75	-2808
13.76	-2822
13.77	-2826
13.78	-2786
13.79	-2834
13.8	-2798
13.81	-2772
13.82	-2760
13.83	-2780
13.84	-2806
13.85	-2808
13.86	-2800
13.87	-2834
13.88	-2806
13.89	-2792
13.9	-2816
13.91	-2808
13.92	-2770
13.93	-2758
13.94	-2814
13.95	-2822
13.96	-2754
13.97	-2796
13.98	-2854
13.99	-2828
14	-2762
14.01	-2774
14.02	-2796
14.03	-2838
14.04	-2798
14.05	-2836
14.06	-2824
14.07	-2824
14.08	-2802
14.09	-2790
14.1	-2814
14.11	-2814
14.12	-2792
14.13	-2828
14.14	-2808
14.15	-2820
14.16	-2814
14.17	-2772
14.18	-2788
14.19	-2802
14.2	-2780
14.21	-2804
14.22	-2834
14.23	-2798
14.24	-2810
14.25	-2820
14.26	-2804
14.27	-2789.91
14.28	-2818
14.29	-2794
14.3	-2814
14.31	-2834
14.32	-2848
14.33	-2810
14.34	-2786
14.35	-2835.25
14.36	-2756
14.37	-2780
14.38	-2774
14.39	-2788
14.4	-2808
14.41	-2808
14.42	-2848
14.43	-2842
14.44	-2774
14.45	-2800
14.46	-2800
14.47	-2786
14.48	-2808
14.49	-2784
14.5	-2786
14.51	-2802
14.52	-2796
14.53	-2792
14.54	-2808
14.55	-2796.64
14.56	-2803.19
14.57	-2804
14.58	-2772
14.59	-2792
14.6	-2780
14.61	-2824
14.62	-2810
14.63	-2818
14.64	-2788
14.65	-2802
14.66	-2796
14.67	-2782
14.68	-2834
14.69	-2816
14.7	-2802
14.71	-2790
14.72	-2782
14.73	-2816
14.74	-2826
14.75	-2810
14.76	-2832
14.77	-2804
14.78	-2860.9
14.79	-2824
14.8	-2792
14.81	-2842
14.82	-2818
14.83	-2786
14.84	-2806
14.85	-2830
14.86	-2794
14.87	-2840
14.88	-2776
14.89	-2806
14.9	-2800
14.91	-2798
14.92	-2834
14.93	-2808
14.94	-2796
14.95	-2812
14.96	-2822
14.97	-2828
14.98	-2800
14.99	-2784
15	-2832
15.01	-2782
15.02	-2810
15.03	-2796
15.04	-2838
15.05	-2830
15.06	-2806
15.07	-2802
15.08	-2812
15.09	-2800
15.1	-2784
15.11	-2816
15.12	-2826
15.13	-2816
15.14	-2797.33
15.15	-2788
15.16	-2830
15.17	-2784
15.18	-2806
15.19	-2824
15.2	-2786
15.21	-2814
15.22	-2806
15.23	-2820
15.24	-2802
15.25	-2792
15.26	-2804
15.27	-2828
15.28	-2810
15.29	-2816
15.3	-2780
15.31	-2804
15.32	-2804
15.33	-2806
15.34	-2808
15.35	-2834
15.36	-2810
15.37	-2842
15.38	-2808
15.39	-2774
15.4	-2812
15.41	-2796
15.42	-2802
15.43	-2794
15.44	-2812
15.45	-2810
15.46	-2772
15.47	-2786
15.48	-2820
15.49	-2784
15.5	-2784
15.51	-2810
